2054
2146
2174
2187
2188
2189
2190
2228
2229
2230
2312
2313
2314
2319
2320
2321
2322
2335
2336
2337
2338
2339
2340
2341
2342
2380
2402
2403
2404
2405
2406
2407
2408
2409
2410
2411
2420
2499
2779
2887
2889
2947
3060
3061
3062
3063
3064
3065
3297
3498
3675
4013
4079
4080
4083
4371
4372
4373
4374
4375
4501
4502
4503
4504
4505
4601
5072
5322
5323
5325
5326
5607
5653
5801
6004
6079
6110
6341
6342
6343
6383
6421
6496
6498
6499
6503
6504
6505
6518
6525
6549
6637
6638
6639
6640
6641
6642
6643
6644
6645
6646
6647
6648
6649
6651
6654
6696
6698
6723
6724
6725
6726
6728
6729
6736
6819
6820
6821
6822
6830
6831
6832
6833
6834
6835
6889
6890
6891
6892
6924
6975
6990
6996
7022
7041
7043
7049
7068
7185
7186
7202
7203
7204
7205
7206
7207
7225
7226
7232
7233
7236
7240
7264
7269
7276
7292
7323
7500
7503
7511
7512
7810
7858
7859
7860
7861
7875
7888
7933
7934
7939
7943
7944
7945
7946
7985
7996
8085
8126
8298
8375
8392
8568
8803
8889
8895
8915
8916
8917
8919
8921
8922
8923
8925
8926
8927
8961
8964
8999
9044
9045
9046
9049
9058
9059
9062
9064
9065
9066
9083
9084
9085
9086
9099
9108
9110
9157
9158
9159
9160
9178
9181
9186
9187
9200
9260
9325
9326
9327
9335
9369
9375
9491
9494
9495
9496
9623
9632
9802
9810
9859
9860
9861
9875
9950
9977
10055
10223
10353
10354
10425
10426
10428
10507
10823
10914
10917
11075
11108
11677
11925
12012
12053
12075
12108
12113
12266
12267
12268
12273
12636
12660
12921
12927
13451
13452
13657
13658
13659
13661
13690
13732
13805
13810
13921
13953
14028
14075
14105
14142
14221
14223
14225
14330
14340
14700
14915
14962
14997
15028
15068
15070
15213
15505
15559
15711
15734
15736
15756
15787
15813
15890
15891
15898
15952
15995
16264
16278
16279
16280
16301
16302
16304
16718
16880
17007
17130
17142
17143
17153
17161
17169
17362
17379
17383
17413
17454
17599
17600
17622
17657
17664
18101
18148
18231
18232
18255
18258
18436
18463
18471
18475
18551
18552
18620
18731
18733
19163
19380
19460
19530
19596
19611
19653
19673
19675
19716
19733
19755
19760
19778
19823
19940
19971
20211
20302
20313
20412
20413
20589
20613
20637
20757
20780
20786
20937
20944
20965
20977
21000
21021
21031
21115
21349
21527
21535
21593
21658
21680
21801
21860
21989
22123
22159
22160
22167
22209
22235
22355
22367
22391
22413
22465
22492
22493
22494
22516
22517
22570
22628
22630
22635
22659
22738
22761
22823
22824
23065
23134
23228
23243
23313
23333
23393
23396
23425
23532
23672
23679
23740
23756
23775
23787
24017
24043
24056
24172
24173
24174
24175
24176
24206
24212
24213
24214
24249
24266
24288
24367
24371
24377
24390
24413
24429
24523
24571
24572
24618
24677
24746
24782
24817
24820
24887
24899
24961
25019
25048
25157
25204
25530
25721
25722
25783
25791
25796
25999
26261
26402
26444
26686
26694
26722
26949
26964
26971
26972
27205
27206
27220
27254
27446
27483
27532
27598
27769
27775
27822
27859
27891
27959
27973
28042
28083
28100
28220
28243
28279
28280
28411
28494
28664
28751
28863
28865
28938
28949
29006
29097
29101
29102
29327
29336
29376
29436
29464
29465
29474
29514
29530
29553
29584
29738
29746
29780
29796
29806
29905
29941
29946
29957
30005
30042
30077
30084
30097
30165
30237
30281
30289
30331
30570
30628
30631
30655
30695
30753
30762
30793
30814
30821
30843
30883
30886
31001
31074
31114
31129
31145
31150
31164
31170
31199
31204
31213
31216
31218
31233
31276
31281
31284
31294
31309
31321
31337
31376
31459
31461
31527
31530
31537
31538
31560
31564
31614
31625
31658
31660
31713
31727
31733
31803
31834
31842
31850
31856
31911
32008
32014
32034
32100
32201
32358
32385
32391
32450
32481
32634
32763
32766
32814
32989
33003
33017
33041
33090
33186
33202
33266
33317
33326
33327
33328
33329
33330
33369
33418
33491
33541
33548
33603
33726
33821
33827
33863
33864
34032
34064
34099
34137
34222
34265
34374
34424
34521
34581
34694
34695
34696
34717
34782
34785
34806
34811
34833
35030
35085
35137
35176
35181
35192
35230
35263
35264
35312
35318
35328
35339
35435
35547
35549
35569
35603
35605
35635
35636
35651
35758
35794
35795
35797
35826
35939
35967
35999
36076
36172
36217
36227
36275
36310
36349
36363
36382
36389
36488
36693
36718
36766
36779
36793
36813
36862
36901
36905
36918
36933
36997
37033
37065
37066
37069
37070
37071
37108
37128
37202
37229
37241
37266
37267
37377
37435
37436
37579
37716
37763
37940
37945
37991
37994
38033
38125
38126
38157
38158
38239
38281
38295
38336
38395
38402
38451
38502
38505
38506
38518
38547
38638
38650
38686
38692
38707
38754
38755
38780
38930
38947
38972
38986
39043
39126
39174
39175
39189
39247
39276
39277
39350
39390
39391
39430
39441
39480
39529
39545
39553
39562
39565
39573
39575
39619
39623
39624
39650
39667
39669
39678
39762
39763
39792
39809
39816
39919
39938
40012
40117
40138
40165
40185
40217
40218
40221
40222
40230
40231
40261
40294
40298
40304
40313
40314
40317
40327
40391
40523
40524
40543
40564
40601
40637
40714
40733
40737
40739
40771
40787
40788
40789
40790
40805
40854
40867
40920
40985
41051
41197
41305
41306
41318
41320
41353
41367
41371
41382
41384
41390
41517
41522
41523
41585
41706
41724
41818
41882
41883
41904
41907
41931
42213
42219
42311
42337
42338
42339
42406
42489
42617
42651
42670
42745
42900
42912
42937
43078
43163
43164
43165
43191
43332
43333
43335
43339
43361
43392
43438
43570
43613
43664
43687
43733
43759
43821
43891
43892
43903
43913
43914
43920
43931
43932
43933
43987
44036
44049
44051
44093
44136
44174
44197
44238
44239
44243
44246
44250
44251
44258
44271
44272
44298
44366
44368
44386
44405
44424
44436
44442
44452
44474
44489
44528
44537
44565
44575
44598
44610
44611
44612
44639
44642
44647
44677
44719
44722
44737
44784
44830
44868
44921
44956
44957
44961
44971
44972
45009
45091
45123
45163
45189
45191
45319
45352
45393
45404
45418
45434
45460
45488
45534
45544
45548
45569
45579
45600
45635
45644
45661
45664
45670
45672
45725
45798
45808
45916
45936
45937
45956
45965
45977
45996
46014
46021
46053
46061
46062
46073
46083
46086
46135
46141
46154
46157
46174
46180
46184
46203
46204
46231
46255
46259
46267
46268
46270
46307
46308
46368
46410
46411
46442
46453
46465
46504
46539
46550
46551
46561
46576
46580
46593
46594
46624
46657
46713
46767
46778
46781
46805
46817
46831
46840
46845
46868
46873
46878
46880
46882
46890
46896
46899
46903
46908
46912
46919
46928
46939
46940
46979
46987
47031
47033
47038
47054
47063
47070
47077
47079
47081
47106
47112
47140
47142
47152
47153
47173
47174
47175
47189
47193
47202
47205
47251
47260
47268
47311
47318
47322
47341
47406
47412
47440
47465
47467
47472
47502
47547
47608
47659
47698
47700
47706
47710
47711
47713
47733
47734
47741
47758
47797
47798
47804
47818
47820
47827
47843
47861
47872
47939
47940
47941
47945
47977
48036
48040
48064
48075
48086
48090
48097
48120
48127
48140
48148
48158
48192
48205
48210
48211
48234
48243
48253
48256
48262
48287
48312
48322
48340
48345
48374
48425
48450
48464
48476
48488
48502
48527
48541
48543
48557
48558
48559
48567
48569
48570
48587
48601
48618
48639
48689
48705
48715
48765
48798
48827
48853
48886
48888
48901
48902
48917
48918
48919
48921
48965
49024
49044
49050
49059
49083
49084
49085
49088
49132
49134
49148
49158
49159
49161
49199
49209
49210
49218
49248
49250
49268
49311
49381
49390
49395
49424
49428
49464
49486
49501
49543
49576
49582
49592
49593
49603
49656
49722
49738
49774
49775
49824
49871
49896
49908
49928
49934
49938
49940
49946
49971
49992
49995
49998
50003
50081
50101
50120
50127
50128
50136
50182
50187
50197
50216
50221
50234
50244
50248
50252
50277
50283
50285
50293
50296
50299
50344
50393
50444
50445
50456
50459
50480
50522
50525
50528
50529
50530
50574
50616
50627
50628
50669
50681
50683
50691
50707
50714
50770
50779
50813
50833
50845
50861
50870
50887
50888
50901
50911
50912
50917
50937
50965
50979
50984
51051
51119
51147
51151
51208
51221
51223
51230
51254
51260
51276
51289
51303
51333
51349
51359
51360
51377
51378
51386
51389
51430
51467
51474
51476
51517
51535
51558
51567
51582
51586
51638
51694
51695
51705
51722
51827
51835
51851
51871
51901
51929
51930
52012
52013
52015
52016
52083
52092
52117
52118
52144
52159
52171
52182
52183
52185
52191
52218
52219
52220
52221
52222
52283
52295
52299
52327
52330
52334
52335
52352
52353
52359
52360
52370
52372
52373
52381
52463
52478
52483
52486
52490
52492
52517
52602
52605
52628
52633
52643
52718
52725
52856
52879
52892
52912
52916
52952
52985
52986
53013
53025
53037
53054
53060
53061
53100
53217
53218
53232
53239
53283
53292
53322
53344
53359
53428
53451
53457
53459
53483
53493
53504
53514
53550
53553
53569
53592
53614
53628
53661
53662
53689
53706
53713
53731
53757
53773
53780
53781
53823
53845
53846
53856
53912
53925
53946
53962
53973
54071
54127
54170
54201
54248
54262
54263
54305
54341
54353
54357
54368
54391
54422
54427
54428
54438
54440
54469
54481
54555
54560
54565
54573
54574
54586
54597
54640
54656
54671
54677
54679
54690
54691
54727
54730
54738
54754
54758
54759
54762
54821
54832
54837
54849
54875
54949
54960
55013
55014
55026
55027
55033
55103
55130
55159
55163
55171
55187
55188
55193
55301
55321
55345
55352
55371
55419
55462
55466
55487
55547
55559
55565
55578
55580
55633
55634
55657
55699
55740
55770
55791
55874
55881
55892
55895
55914
55925
55999
56011
56045
56064
56065
56066
56067
56068
56069
56086
56098
56110
56127
56136
56152
56156
56164
56174
56182
56192
56214
56239
56281
56317
56330
56343
56367
56382
56392
56475
56483
56499
56512
56520
56546
56586
56606
56641
56769
56782
56814
56871
56981
56991
57032
57065
57076
57078
57079
57114
57131
57187
57240
57293
57346
57367
57412
57465
57516
57636
57661
57674
57677
57741
57765
57805
57807
57809
57850
57853
57872
57909
57915
57928
57952
57967
58094
58144
58145
58148
58190
58215
58219
58238
58257
58300
58306
58342
58351
58352
58365
58399
58506
58520
58543
58607
58640
58641
58683
58686
58780
58782
58804
58805
58848
58851
58941
58949
58957
58989
59028
59029
59030
59046
59059
59081
59088
59097
59161
59185
59186
59187
59218
59219
59222
59229
59265
59268
59275
59294
59337
59338
59374
59464
59493
59534
59537
59547
59596
59597
59613
59659
59696
59697
59717
59718
59731
59758
59773
59803
59838
59870
60062
60089
60206
60208
60293
60295
60304
60306
60340
60344
60353
60357
60358
60360
60416
60428
60431
60437
60500
60501
60502
60522
60579
60583
60603
60622
60626
60647
60672
60684
60699
60701
60702
60703
60712
60724
60728
60768
60769
60824
60836
60845
60873
60878
60879
60888
60930
60952
60954
61010
61032
61042
61073
61098
61101
61197
61266
61287
61299
61327
61354
61431
61479
61480
61501
61539
61543
61578
61584
61615
61633
61667
61670
61684
61708
61737
61753
61775
61776
61825
61833
61850
61873
61891
61906
61928
61948
61955
61957
61988
61997
61998
62006
62083
62131
62132
62178
62233
62311
62358
62380
62389
62438
62481
62491
62539
62575
62578
62601
62645
62670
62671
62672
62673
62735
62737
62772
62800
62801
62825
62943
62985
63021
63037
63038
63086
63096
63100
63108
63110
63301
63312
63343
63371
63410
63440
63460
63465
63498
63548
63589
63601
63602
63630
63643
63651
63690
63723
63743
63744
63800
63801
63802
63853
63857
63924
63927
63933
63946
63955
63984
63991
64003
64028
64085
64133
64151
64193
64200
64204
64245
64283
64327
64355
64370
64375
64383
64388
64414
64416
64417
64440
64442
64449
64466
64482
64483
64484
64509
64513
64522
64523
64524
64525
64533
64541
64652
64698
64714
64718
64769
64869
64937
65089
65093
65211
65212
65277
65346
65444
65541
65600
65644
65648
65661
65662
65973
66326
66437
66440
66452
66475
66491
66499
66501
66504
66515
66532
66535
66543
66548
66553
66573
66604
66630
66649
66656
66657
66673
66769
66770
66797
66847
66880
66904
66952
66959
67015
67033
67048
67066
67067
67068
67083
67112
67161
67178
67192
67210
67217
67240
67241
67250
67251
67261
67262
67286
67289
67303
67381
67385
67394
67399
67407
67409
67440
67488
67541
67619
67644
67664
67665
67666
67690
67700
67701
67861
67885
67897
67949
67991
68057
68221
68228
68258
68259
68262
68263
68365
68375
68395
68400
68401
68402
68403
68511
68512
68593
68594
68735
68826
68838
68862
68881
68882
68883
68947
68965
69001
69045
69066
69081
69082
69083
69094
69101
69133
69160
69172
69205
69267
69287
69320
69327
69359
69456
69469
69470
69472
69522
69523
69524
69525
69548
69575
69604
69673
69795
69797
69864
69893
69894
69903
69944
69949
69960
69977
70044
70178
70246
70248
70296
70317
70353
70355
70435
70454
70551
70560
70564
70567
70609
70680
70687
70692
70743
70774
70775
70845
70910
70926
70934
70945
71017
71303
71354
71355
71434
71451
71452
71601
71602
71616
71619
71681
71704
71714
71803
71877
71896
71920
71969
71976
71980
71998
72025
72113
72124
72163
72230
72254
72298
72413
72467
72595
72666
72724
72748
72801
72876
72877
72878
72895
72951
72952
73037
73038
73066
73143
73153
73205
73268
73284
73374
73467
73479
73480
73509
73599
73719
73806
73808
73835
73905
73962
74004
74008
74123
74153
74193
74211
74299
74363
74386
74449
74470
74511
74515
74557
74564
74610
74665
74668
74678
74684
74788
74855
74895
74906
74920
74959
74963
75007
75008
75055
75083
75086
75128
75169
75185
75251
75267
75277
75285
75298
75312
75352
75362
75371
75388
75396
75397
75426
75443
75450
75455
75470
75501
75525
75532
75541
75568
75569
75588
75591
75592
75632
75633
75634
75638
75639
75640
75641
75670
75672
75673
75679
75685
75688
75693
75698
75699
75700
75721
75761
75762
75793
75795
75802
75805
75813
75824
75825
75838
75839
75841
75888
75889
75891
75906
75907
75923
75925
75971
75988
76032
76034
76062
76104
76110
76111
76143
76144
76191
76196
76197
76213
76239
76240
76254
76290
76303
76308
76309
76321
76335
76360
76376
76382
76423
76455
76456
76484
76485
76486
76515
76558
76567
76580
76588
76593
76627
76640
76661
76662
76663
76711
76751
76766
76832
76833
76835
76870
76878
76937
76968
76986
77002
77012
77042
77043
77073
77123
77152
77153
77158
77162
77182
77193
77194
77203
77208
77226
77337
77380
77422
77435
77458
77474
77488
77490
77504
77553
77607
77625
77667
77678
77679
77700
77701
77772
77785
77850
77872
77887
77888
77889
77891
77905
77971
77975
77988
78001
78026
78030
78056
78079
78125
78140
78190
78251
78265
78267
78277
78349
78383
78390
78421
78423
78454
78490
78527
78594
78595
78608
78666
78714
78739
78787
78808
78841
78886
78932
79000
79025
79048
79066
79067
79113
79123
79155
79173
79185
79232
79254
79285
79332
79333
79334
79443
79513
79542
79555
79578
79585
79596
79605