2174
2187
2190
2228
2229
2230
2312
2313
2319
2322
2380
2947
3498
4080
4083
4501
4505
5325
5326
5607
5801
6079
6341
6637
6638
6639
6640
6641
6648
6649
6724
6820
6822
6831
7022
7068
7264
7500
7511
7512
7810
7860
7861
7875
7888
7939
7943
7946
8085
8298
8375
8392
8915
8917
8919
8923
8925
9064
9066
9158
9178
9186
9200
9260
9335
9375
9623
9810
9859
9860
9861
9950
10353
10354
12012
12075
12268
12921
13451
13732
14221
14225
14340
14915
14962
15813
15952
16880
17161
17362
18463
19163
19530
19716
19733
19760
19778
19971
20637
20780
20965
21000
21021
21658
21680
22160
22167
22209
22391
22413
22465
22516
22570
23228
23393
23787
24017
24043
24176
24249
24266
24288
24413
24571
25530
25722
26722
27206
27220
27483
27769
28279
28411
29006
29327
29465
29796
30084
30165
31114
31204
31213
31281
31309
31459
31625
31658
32034
32481
32989
33186
33541
33821
33863
33864
34521
34806
35547
35794
35795
35797
36813
36862
36933
37108
37202
37435
37716
37940
38125
38930
38972
39174
39175
39619
39624
39792
40117
40138
40185
40218
40221
40231
40298
40304
40317
40327
40788
40805
41353
41522
41706
41883
42900
43332
43613
43821
43891
43903
44246
44271
44424
44436
44452
44611
44612
44784
44868
45091
45189
45404
45664
45672
45916
45956
46135
46268
46453
46580
46805
46817
46831
46840
46890
46899
46908
47070
47142
47175
47465
47467
47608
47734
47861
47872
47941
47945
48064
48086
48090
48127
48148
48210
48253
48287
48464
48541
48886
48888
48902
49250
49738
49934
49940
49998
50136
50182
50277
50845
50861
50887
50937
50965
51230
51360
51389
51467
51476
51582
51694
51695
51705
51722
51851
51871
52092
52171
52182
52183
52191
52219
52220
52221
52335
52352
52372
52381
52483
52490
52517
52916
52986
53013
53060
53232
53292
53457
53483
53856
53973
54170
54248
54586
54690
54691
54727
54730
54821
54960
55026
55130
56086
56098
56127
56192
56214
56520
56641
57412
57465
57677
57807
57915
58094
58300
58506
58520
58957
58989
59046
59265
59613
59803
60522
60647
60878
61042
61327
61354
61431
61615
61667
61684
61850
61957
61988
61998
62178
62438
62578
62671
62672
62943
63086
63460
63465
63651
63690
63723
64417
64440
64482
64522
64541
65541
66770
66797
67015
67048
67210
67217
67251
67261
67399
67440
67488
67644
67690
67897
68375
68511
68593
68594
68862
69082
69160
69456
69469
69470
69472
69524
69525
69548
69864
69949
70178
70564
70687
70692
70934
71714
72254
72298
72666
72801
72895
73284
73808
73835
74008
74193
74386
74684
74855
75267
75285
75450
75501
75541
75568
75569
75591
75634
75672
75699
75841
75906
76515
76558
76627
76766
77153
77625
77905
78140
78383
78594
79285